**********************************************************
SAM1: DOPCTat_62to1_uc.xff
ED_wat: 0.326
sim files are named like dopc-tat2-a??-?.kiyo.sim
xff files are named like dopc-tat2-a??-?.xff

file scale CHI^2 correction corrected CHI^2
==== ===== ===== ========== ===============
70-0 0.621 23.2  2.59       60.1
   1 0.568 22.3  3.10       69.1
   2 0.439 25.2  5.19       131
   3 0.285 31.8  12.3       391
   4 0.199 17.4  25.3       440
   5 0.196 14.4  26.0       374
   6 0.159 13.3  39.6       527
72-0 0.72  9.31  1.93       18.0
   1 0.65  10.5  2.37       24.9
   2 0.6   11.3  2.78       31.4
   3 0.426 18.8  5.51       104
   4 0.219 21.2  20.9       443
   5 0.205 14.1  23.8       336
   6 0.165 12.2  36.7       448
74-0 0.722 11.1  1.92       21.3
   1 0.704 12.8  2.02       25.9
   2 0.631 9.83  2.51       24.7
   3 0.412 13.9  5.89       81.9
   4 0.312 18.8  10.3       194
   5 0.246 21.3  16.5       351
   6 0.177 13.4  31.9       427

**********************************************************   
SAM2: DOPCTat_28to1_uc.xff
ED_wat: 0.326
sim files are named like dopc-tat4-a??-?.kiyo.sim
xff files are named like dopc-tat4-a??-?.xff

file scale  CHI^2 correction corrected CHI^2
==== ====== ===== ========== ===============
72-0 0.596  17.4  2.82       49.1
   1 0.476  18.6  4.41       82.0
   2 0.307  23.4  10.6       248
   3 0.153  14.2  42.7       606
   4 0.196  3.01  26.0       78.3
   5 0.114  3.58  76.9       275
   6 0.0946 3.92  112        439
74-0 0.617  9.26  2.63       24.4
   1 0.514  10.6  3.79       40.2
   2 0.394  20.9  6.44       135
   3 0.147  23.6  46.3       1092
   4 0.125  5.22  64.0       334
   5 0.101  5.06  98.0       496
   6 0.129  7.06  60.1       424
76-0 0.648  6.23  2.38       14.8
   1 0.573  9.97  3.05       30.4
   2 0.376  22.3  7.07       158
   3 0.172  31.7  33.8       1072
   4 0.147  10.9  46.3       504
   5 0.0976 5.1   105        535
   6 0.139  3.53  51.8       183
